area,price
1340,313000
3650,2384000
1930,342000
2000,420000
1940,550000
880,490000
1350,335000
2710,482000
2430,452500
1520,640000
1710,463000
2920,1400000
2330,588500
1090,365000
2910,1200000
1200,242500
1570,419000
3110,367500
1370,257950
1180,275000
2240,750000
1450,435000
1750,626000
2730,612500
1600,495000
2090,285000
2360,615000
2200,698000
2820,675000
2600,790000
1560,382500
2860,499950
1820,650000
2820,625000
3630,400000
3240,604000
800,440000
1850,287200
1960,403000
2390,750000
1580,335000
1480,260000
850,308500
1770,439950
1210,235000
1160,315000
1970,437500
1930,407500
1270,445700
3310,838000
2710,630000
2910,550000
2710,805000
1800,284000
2210,470000
1920,430000
2190,491500
3660,785000
1320,385000
1630,295000
3310,555000
2680,459990
2730,625000
2540,300000
2920,625000
900,553000
1650,379880
1010,310000
2680,775000
2200,365000
2530,331950
2850,783500
2280,628000
1900,560000
1330,900000
1270,531000
2170,831000
2730,780000
2120,755000
2490,705380
1990,627000
3690,865000
2540,580000
1800,410000
2340,485000
2110,400000
1140,549000
1480,620000
1410,405000
1200,232000
3180,800866
2160,650000
2920,823000
2350,770000
1560,524000
2740,541125
1680,670000
3090,384900
1410,406100
4010,1395000
3180,736500
2010,570000
1330,787000
2370,328000
1840,435000
2910,499000
2070,501000
4340,1090000
840,400000
1240,220000
1390,657100
2310,309950
1050,300000
2550,525888
2010,740000
1120,340000
2230,398750
810,206000
3190,1030000
1670,600000
1970,379950
1450,287000
13540,2280000
1880,309950
1880,600000
1410,418000
1480,449250
1140,329950
1920,245000
2910,549000
3240,800000
1550,249950
2050,210000
2220,1425000
1770,585000
2300,615000
1800,618500
2010,487585
1790,509900
2440,631625
1940,555000
1160,340000
3400,830000
4420,890000
1571,366750
1620,415000
1408,416286
3040,478000
4490,890000
1590,419190
2450,712198
1440,397000
1100,450000
1350,353000
2150,609000
1490,234000
2000,561000
1030,469000
720,329350
2020,488000
1580,279900
2110,606000
1300,312000
1630,650000
3370,1135000
1890,325000
1520,425000
900,219000
1050,250000
1260,390000
3470,475000
2290,736000
2810,407000
1650,272000
1640,362000
1850,535000
2000,284000
1410,367500
1500,379900
2460,520000
1010,175000
1230,460000
2331,345000
2240,455000
2450,610000
3100,563000
2060,612500
1850,218000
1840,404000
3740,860000
1420,136500
1510,313950
2130,575000
3490,1225000
1630,280000
1790,515000
2000,513000
2260,599000
3030,685000
1310,365000
3880,762300
3760,1580000
3040,562000
2910,530000
2970,525000
1660,484000
3200,725126
2680,360000
1230,387000
2740,483500
3380,655500
1110,345000
1800,533000
1900,385000
930,675000
1690,197000
1420,485000
4510,1870000
1980,295000
1170,499000
2200,1050000
800,191000
1480,500000
2890,390000
2690,979000
3569,580000
1270,369950
4490,1800000
3040,776000
1170,519950
2060,255000
990,495000
2430,510000
4460,1150000
1250,253000
1540,503000
1600,275000
1110,249000
1840,310000
2520,750000
2680,630000
3830,599999
2410,758000
1720,248500
2070,310000
1760,460000
1680,675000
1550,526000
4120,560000
1830,415000
1400,246000
1870,314500
6210,3200000
1040,420000
2720,535000
1010,350000
1580,515000
2600,749950
1920,230000
2350,568000
1100,250000
2510,581000
3240,651000
2460,600000
1010,500000
820,475000
2420,352000
1770,420000
1350,428000
1960,599000
3305,492000
2550,630000
4130,900000
2310,1110000
1650,575000
2650,705000
1890,940000
2190,313000
2030,618080
2270,640000
1610,485000
760,300000
1640,379500
1630,339950
3560,1500000
2960,1340000
1940,500000
1410,239900
1040,314950
820,361280
910,100000
3700,540000
2180,480500
1600,280000
1500,440000
1340,530000
1860,560000
2540,775000
1040,160000
1380,209950
1640,226500
3000,380000
2140,409500
1760,690000
1660,405000
1830,375000
2210,794154
1490,185000
1260,245000
4270,1532500
3900,1040000
1150,425000
2656,495000
2410,365000
1606,417250
820,339950
1540,615000
2090,403000
3160,980000
1730,258000
1670,533000
2550,537500
3040,830000
1250,712000
2020,262000
2660,753888
980,134000
1960,402000
720,205000
1360,553650
1870,559950
2130,260000
1810,270000
2200,295000
1690,719000
1940,266000
2320,325900
2060,647500
3410,1039000
2250,569000
1390,246000
1060,515000
1490,207000
2480,780000
2440,489990
2240,335000
1920,295000
1890,385000
2250,350000
1270,235000
960,358000
3290,716500
2000,228000
1020,405000
1840,538000
1980,530000
3510,1750000
1230,636000
2280,535000
2430,1500000
2920,868500
2280,530000
1510,450000
950,230000
1190,229000
1310,437000
2800,1307000
1750,595000
1320,660000
2460,347500
1240,297950
1260,245000
2820,543200
3820,1250000
1540,413450
1550,330000
1460,424500
1390,230000
2640,930000
1590,349000
1910,835000
2015,988500
1410,500000
1110,499000
860,321950
2310,494000
1020,441750
980,438000
4230,985000
1640,352000
3810,839900
2790,765000
1750,460000
1430,224500
1850,254000
960,255000
2480,610000
3750,920000
2600,402500
1390,280950
2260,604000
2470,565000
810,255000
1650,445000
3000,2400000
720,195000
1390,275000
1445,387000
1840,490000
2100,505000
1060,303500
1500,270000
1970,323000
1410,382000
3720,1370000
2190,280000
1920,260000
1160,201500
5860,1157200
2000,536500
2163,248000
3480,532000
2840,580000
1150,463000
3100,742500
1420,260000
2430,590000
1930,312000
1660,566000
1400,511555
2660,583000
2000,290000
2130,311100
1352,325000
1750,491300
2320,315000
1420,360000
1940,330000
1410,481450
1360,234950
1220,251000
2830,782000
3780,833000
2330,542500
3560,851000
1470,325000
3060,415000
1030,252500
1930,465000
1780,336900
2000,225000
1690,270000
5190,1702500
1300,536000
2400,585000
1150,445000
2310,320000
2730,769900
2840,557000
1020,212000
1340,376000
3540,800000
7270,2238888
998,324000
3060,549900
2130,320000
2520,875000
1940,265000
1350,394950
2160,842500
1370,368000
5420,1225000
2830,885000
2010,453246
3300,927000
1230,490000
1720,341000
810,235000
1560,1200000
2560,560000
4700,900000
1220,255000
3650,1575000
2170,876650
2540,540000
910,350000
2980,750000
2120,582000
3460,1315000
2480,372500
2200,410000
1730,360000
2920,1015000
990,225000
3040,647000
4530,950000
1370,185000
1940,335000
1040,210000
1800,522000
1720,770000
980,499950
3110,751000
2100,330000
2020,465000
2350,850000
3290,947500
2180,302000
1290,500000
1460,201000
1290,265000
2350,870300
1080,339000
2670,690000
3680,788000
1440,315275
1940,505000
1280,368000
2980,947500
970,156000
2110,610000
1480,420000
700,192000
2700,910000
2330,1300000
3380,1346400
2600,840000
1360,300000
2780,505000
1250,110000
2620,746000
1350,211000
2400,675000
2760,734200
3070,1225000
2040,615000
1770,630000
3490,1264000
830,301500
980,369000
1570,635000
3270,1033888
2160,383000
3280,1050000
3360,455000
3150,819900
1810,625000
2740,651000
3830,480000
3190,757000
2350,460000
2510,267345
1680,530000
1770,449500
1090,289000
3001,373000
2450,525000
3610,777000
2250,550000
1240,523000
2260,628000
2090,581000
2020,245000
1960,415000
3120,1895000
1250,225000
1490,287000
2890,799200
1900,239950
1680,591000
2030,700000
3740,475000
1580,575000
1780,771000
910,155000
3440,550000
1740,645000
3400,464000
4400,1050000
2010,350000
2710,591000
5300,2555000
1310,717000
1950,225000
1040,225000
1090,345000
650,230000
1480,385000
790,90000
3560,860000
3000,675000
3490,975000
2340,780000
1650,370000
1940,665000
3410,675000
1710,620000
2740,1105000
1250,450000
2450,450000
1690,530000
1950,635000
2290,580000
3370,1550000
1090,285000
1190,375000
3530,1400000
1440,560000
2180,405000
1410,413000
1950,287600
4860,1680000
1660,225000
1390,319000
1350,322500
1530,570000
1270,465000
2140,435000
2040,502000
2876,525000
1580,525000
3400,660000
3520,870000
2210,650000
2790,505000
1450,330000
1620,385000
1220,306000
2000,546000
2190,925000
1900,542000
1700,800000
2540,620000
1170,175000
5774,740000
2120,345000
2170,510000
2450,530000
700,155000
1780,266000
1850,257200
1570,265000
1290,372220
1700,337500
1159,582500
1850,489200
840,405100
1690,372977
1050,310000
1400,538000
2550,1400000
1840,317000
2360,702500
2240,565000
2700,723000
3030,766950
1830,682000
2220,325000
2090,543000
1600,525000
2010,364000
830,394475
2010,316000
1050,339950
2150,486000
860,160000
3100,930000
1100,139000
1830,562000
1250,299000
1820,511000
2090,499000
2100,356000
2310,470000
2060,715000
4470,1120000
1660,458000
3810,966000
2110,305495
2370,543000
1970,340000
2470,633100
1480,310000
2257,349950
700,267800
1630,234000
3430,740000
2220,607500
1340,223000
980,400000
2580,802000
2230,253000
2290,1058000
1260,300000
1680,625000
3200,707000
3320,950000
3040,420000
2270,498000
2910,450000
2510,955000
1240,215000
2580,437000
2470,773000
4910,1222500
1690,256883
2240,592500
1650,252350
2710,370000
1260,465750
1150,185000
2550,582800
1490,245000
2020,302000
1320,451555
1230,250000
2070,255000
2930,840000
1090,190000
1400,349950
1550,613000
1220,300000
1870,455000
2150,335000
980,197500
1490,412500
1120,395300
1180,342400
3240,749400
2150,316500
2240,390000
1400,225000
1980,550000
1330,280000
3200,1255000
1490,575000
3920,1000000
2000,585000
2680,620000
1670,204700
3150,695000
2740,689900
1890,375000
2870,475000
1160,215000
3550,2100000
1790,790000
1680,350000
4560,695000
1590,263000
1630,400000
2700,525000
1700,349950
3740,1085000
1980,744000
880,312500
1400,240000
2050,495000
2360,580050
2560,640000
1340,417000
1060,174950
850,295000
1880,423000
1230,839000
2290,343000
1660,467000
1840,512500
3020,575000
1410,465000
1010,270000
1960,340000
3580,765000
2240,497000
3310,803100
1232,344000
3930,828950
1720,386380
1490,312000
3150,720000
3950,914500
3030,819995
1070,252700
2320,437500
700,350000
2720,619000
1800,408200
1560,451000
1760,317000
3120,799000
2020,720000
1450,490000
1860,239900
2270,446000
1480,275000
1460,239950
1850,248000
2170,619500
1726,363750
1180,385000
1370,370000
2670,425000
1260,342000
1980,345000
2050,724800
2830,725000
910,605000
2440,350000
2180,785000
1900,250000
1520,565000
2220,875000
3280,862500
2740,400000
830,282613
1010,174500
2060,306500
1990,445000
2280,433000
1870,306000
1720,620000
870,245000
1020,238000
1260,523000
2370,522500
1000,180000
1100,375000
1440,249000
3120,730100
2260,551000
2790,375000
1140,540000
1290,605000
1730,205000
3160,645000
2340,314000
1170,330000
1160,490000
1970,445000
6490,2000000
1410,377500
2430,480000
3360,804995
1480,341000
3200,675000
2134,611000
1860,379950
5520,1270000
1310,500000
1700,410000
2480,415000
1970,297000
2060,575550
2130,534640
1410,352500
1360,488000
1940,732000
1610,215000
1420,592500
1700,290000
1490,475000
2680,320000
3190,1216000
2120,290000
1690,487250
1830,339000
1010,440000
2070,366500
1710,462000
1660,560000
2080,285000
1270,280000
1080,210000
1610,690000
1120,256500
2500,411000
970,215000
3370,762000
1290,359950
3370,480000
3410,1405000
2490,390000
770,413500
810,285000
3060,475000
1690,386591
1890,524950
1470,241000
1060,461000
3480,810000
2730,885000
1580,247000
2170,296500
930,141800
1580,333000
3290,602000
2110,565000
1670,373000
2030,588000
1500,485000
1450,482500
1310,251200
4180,869000
1630,464000
2660,755000
1720,280000
1260,485000
1610,305000
680,110700
2640,850000
1640,350000
2310,319950
2010,700000
1660,368000
2200,433500
2460,611000
2430,1000000
1370,307000
1800,442500
2200,485000
700,367000
1920,429000
2190,446000
2030,572500
1350,477000
1680,518000
1250,462000
2240,1190000
950,137000
2320,530000
2380,818000
1540,640000
2100,298450
2500,575000
3230,730000
2830,551000
870,271310
2690,675000
1260,479000
2680,520000
2660,599950
1480,483945
1770,390000
950,192500
860,330000
1960,250000
1770,243000
1280,575000
2150,639000
1790,710000
1990,675000
2430,405000
2820,615000
1910,490000
1270,467000
2050,480000
2150,755000
2450,760000
1230,387000
2260,925000
1050,415000
1570,263000
1820,519900
1540,570000
2060,450000
4380,1300000
1090,300000
1480,320000
1320,387500
2140,458000
4560,1212500
2800,380000
1050,200000
1490,385000
1730,396675
1210,452000
2800,426000
1570,792000
1400,315000
2850,1275000
1880,326000
790,268500
1300,440000
2120,300000
1540,525000
2620,978000
2880,1125000
1680,700000
790,315000
1092,309000
1650,219950
2090,289000
2180,210000
1990,260000
2650,699000
4460,1800000
910,299950
2770,749950
2390,1100000
3050,555000
1700,384000
3200,499950
1200,430000
2220,350000
2480,620000
2560,765000
2500,250000
1150,376000
1650,475000
1140,120750
3400,1690000
1180,330000
1700,619500
1240,345000
2890,598000
1060,335000
1590,372500
2860,300000
820,194000
2020,507500
1870,325000
2170,329900
1600,329000
2090,494000
1700,206000
1940,423000
1320,259000
3500,879950
2800,345600
1080,395000
3550,625000
2010,439000
1690,380000
1270,440000
1970,415000
3160,860000
1210,500000
3120,953007
2670,515000
1640,772000
2303,329995
1800,409316
4460,490000
1590,305000
3070,785000
1330,240000
990,325000
1900,535800
2020,720000
2000,374000
1100,189650
960,420850
3488,815000
1890,1065000
2030,199000
1380,195000
3660,1506000
1870,288400
2080,442000
2450,619420
2750,635000
1240,210000
1900,512500
2540,567000
2100,525000
1790,475000
1170,250000
1060,220000
1930,230000
1540,385500
2876,895000
2150,368250
1140,249900
980,350000
1230,175000
1390,270000
2380,495000
3690,1580000
3010,542500
1250,330000
2290,1003000
790,299800
2720,299900
2550,691000
1080,195000
2470,405000
850,360000
1990,256750
1800,332500
4850,975000
1020,218000
2420,429000
2910,589000
1060,255000
2340,668750
1800,344500
1660,452000
1300,540000
1780,246000
1030,535000
2790,970000
1150,430000
3290,520000
3400,712000
1200,450000
2160,220000
1450,525000
3240,1220000
1470,540000
2360,600000
2230,600000
2630,625000
1010,150000
1445,389999
2380,285000
2830,744000
3010,700000
2000,318989
2020,556000
2030,275000
2550,430000
970,300000
1540,396450
1396,225000
2780,700000
2220,260000
2350,655000
2760,1185000
4460,1550000
1440,413800
5330,950000
2220,334990
5305,2700000
3880,1030000
3810,1130000
1960,556000
1530,360000
3250,480000
1750,324000
3440,1050000
1170,275000
870,180000
2930,749000
3160,1600000
800,373500
2350,770000
1060,356000
2060,625000
1560,494400
3000,585000
1660,926300
1650,600000
3220,430000
2320,307000
2750,604700
910,219900
840,270000
1470,432000
2040,300000
1100,361000
940,249950
1110,320000
2200,305000
2860,503000
740,235750
2740,657000
1250,385000
3140,389950
820,150000
2570,254500
2350,555000
3600,1075000
1580,245000
1070,319950
1070,337000
1640,492000
2890,1170000
1220,348580
1400,180000
1040,400000
980,295000
3340,910000
6040,1150000
1900,431500
1740,180000
2000,677000
1610,1180500
3240,635700
2230,482000
1160,168000
2410,805000
590,398000
2600,665000
2170,592500
2080,940000
2860,655000
2980,622500
1230,380000
2260,648360
2200,432000
3030,1050000
1060,353250
4260,1000000
998,320000
2052,349900
3150,330000
1950,408000
1347,321000
3860,1051000
5060,2150000
1360,359000
2760,300000
2420,380000
2450,660000
1280,355000
1550,259000
550,353000
1520,430000
1670,460000
430,80000
2380,782000
960,218000
1920,325000
3680,980000
2530,902000
3840,556000
1240,662990
1300,225000
2380,439950
1300,175000
780,306000
1810,235000
2420,399500
1280,478000
1680,515000
2510,550000
1700,149000
1680,526000
820,527550
4380,1050000
2600,625000
3400,950000
2120,377691
2250,648475
1800,383000
2210,535000
1560,449950
2430,465425
2560,675000
1960,599000
1110,416000
1030,595000
1350,200000
1540,402000
1830,433000
1930,275000
1650,410000
3510,554820
3370,1325000
2390,735000
1230,607000
2830,549900
1620,258000
2290,661254
2840,945000
4220,799950
1080,132500
1620,467100
4390,1610000
1620,641000
1010,350000
1750,335000
4080,900000
2560,440000
1120,464600
4740,1200000
1340,300000
1590,670500
1430,552000
1450,244000
3500,788600
1630,445000
1814,530000
580,90000
1670,585000
1140,498000
800,379000
1300,462000
2440,388000
1490,255000
1800,665000
1830,550000
1500,606000
2210,334000
1270,360000
1140,235000
1620,580000
1220,355000
750,375000
1960,372000
1370,479000
4580,2000000
5584,1680000
1010,501000
1260,245000
1740,496700
2670,347000
720,199000
2460,440500
3670,820000
2630,325000
1570,195000
2980,675000
1560,295000
1620,355300
1140,276000
2730,460000
2130,880000
1780,370000
2100,346000
1140,172500
1690,379950
1160,468000
1720,477000
1210,529000
1255,312000
880,326100
1050,360000
1650,438000
1570,360000
2920,1050000
3000,688000
1850,585000
1440,265000
1440,375000
1810,326500
1180,160000
3070,1570000
3390,735000
1470,400000
2680,800000
2290,949880
1980,405000
2870,399000
1840,730001
4060,1795000
1630,260000
1880,751750
1780,325000
2330,344950
1840,457500
2330,389000
3200,515000
2330,732000
1950,415000
3080,1655000
1040,535000
1960,540000
2750,525000
1930,570000
4850,569950
1982,283200
2640,1100000
1850,830000
1940,495000
2840,292050
1900,415000
1410,295832
2520,450000
3160,1381000
3720,857000
1820,499950
1560,465000
1600,329000
1230,475000
960,255000
1270,435000
2810,685000
2160,715000
2520,780000
1180,345000
1810,355000
1680,282000
910,244000
3250,967500
2000,375000
3790,1600000
2310,527500
2510,994000
1320,313000
2370,587000
900,304000
2540,675000
2100,305000
1200,280000
3720,960000
1760,500000
1670,274950
2420,455600
3480,970000
1630,312900
2340,535000
920,427000
910,405000
1150,480000
2500,725000
3250,293000
1930,268000
3400,475000
1590,488000
3330,760000
4590,1710000
2610,754950
1658,263900
1600,460000
1296,399950
1280,370000
5940,1149000
2510,450800
2710,627000
1750,495000
1430,310000
1660,550000
1320,215000
2580,799000
2740,630000
2495,267000
2300,900000
1300,365000
2230,544500
2020,599000
2000,815000
1060,254000
2080,740000
2030,225000
2690,925000
3240,1285000
1550,537000
1480,335000
3040,840000
1560,224000
2250,395000
1100,450000
1700,681000
2680,898000
800,370000
1350,429000
820,150000
3160,555000
1720,326000
1680,225000
1300,245100
2190,665000
1720,535000
1160,305000
3150,999000
1210,215000
1980,432500
2990,655000
1430,266200
2060,244615
2230,460000
3090,370000
4250,465000
1970,1175000
1700,189000
2510,820000
3610,968000
2980,1400000
1610,438750
3650,1210000
2510,600000
1110,589000
1650,590000
1980,479900
880,210000
1490,745000
2520,840500
1820,420000
4140,565000
3420,840000
3150,681716
1580,600000
1660,380000
1100,168500
1270,355000
1450,277000
1830,236000
1300,270000
2320,700000
1680,425000
2300,635000
1400,510250
2410,960000
1480,254000
1390,299000
830,175000
740,157500
1940,580000
1340,124740
4440,1970000
800,285000
1310,242000
2330,840000
1400,474800
2360,490000
1840,465000
2680,515000
3890,430000
1400,253400
2400,355000
2920,740000
1390,186950
1680,306000
2040,510000
1080,345000
2280,875000
4490,700000
4700,1400000
2798,499950
2810,739000
3753,363000
3910,782000
1050,325000
1600,485000
2590,452000
1720,264950
4410,472000
1590,267500
2440,565000
1360,535000
910,389000
1390,400000
1470,264000
2920,690000
1950,412000
2390,695000
1270,246500
950,230000
900,302000
2280,820000
1010,145000
1260,436500
4730,2453500
2620,672000
2330,680000
2170,750500
2450,550000
1880,266500
2300,619000
1240,405000
820,300000
1530,231000
2900,790000
1240,400000
4140,950000
2240,450000
1480,595000
2270,332000
1250,155000
1930,400000
1700,349000
1590,529000
1880,405000
1640,635200
2600,540000
710,402000
6980,3100000
1460,329932
2080,300000
2630,525000
4430,2750000
2760,602500
1670,400000
1990,445000
2600,525000
1320,395000
2240,510000
1960,723000
2590,503000
2620,672500
2770,860000
2110,475300
2290,295000
4960,1425000
1110,250000
3310,658000
900,83000
1940,685000
1590,210000
2930,650880
2040,350000
1000,305000
1730,645000
1220,385000
3060,860000
2910,395000
1050,260000
1560,196440
1680,425000
4140,2400000
1550,369000
5700,1385000
2200,349900
1740,650000
1210,299950
4240,625000
1590,190000
3420,715000
3190,659000
1920,490000
1340,415000
1700,750000
2310,700000
1510,425000
2670,642000
2060,655000
2090,1365000
3090,458000
1240,330000
1860,384950
2000,560000
2500,950000
1820,465000
1820,425000
1060,315000
1950,530000
940,399000
1220,168000
4180,1886700
1200,374000
3990,740000
1880,280000
2280,322000
2580,459900
2600,750000
3150,1256500
5550,3710000
2220,427000
1730,800000
2840,735000
2560,642000
1330,240000
1890,645500
4290,840000
1540,475000
2340,568000
2180,325000
2780,825500
2620,499431
3760,919204
2720,545000
2675,660000
2080,538888
2460,693000
1960,289950
2550,587000
1760,615000
1620,459000
1790,243000
3480,1505000
2780,660000
3640,1595000
750,250000
960,315000
2030,404000
2930,559900
1380,285000
1720,500000
1210,380000
950,469000
1710,405000
1410,439900
2910,525000
2220,580000
3160,1250000
1380,275000
1760,629000
730,395000
2460,965000
2160,820000
1990,661000
3740,789000
2710,668500
2680,350000
1850,250000
3190,725995
2730,1000000
1840,686000
2720,665000
4370,1965221
2290,653000
990,430000
1140,305000
1840,809000
1110,440150
2150,615000
2230,1035000
1170,455000
1960,635000
2610,675000
2130,316000
3020,955000
1670,985000
1890,465500
950,305000
2430,645000
2360,730000
1510,366000
2080,290000
1750,472500
1810,550000
1790,410000
2340,440000
1690,535000
2070,300000
2240,432500
4500,870000
2770,492000
1010,199950
1120,439800
3020,320000
4400,687000
1990,345000
1450,274950
1920,270000
1175,342000
1320,327000
3990,610000
1140,455000
1720,540000
2150,411000
1790,544000
2210,802000
2180,568500
1410,391000
1950,298000
1495,400000
1660,425000
1950,328500
2550,650000
1370,850000
2200,930000
1250,530000
2220,495000
1620,500000
2250,325000
1720,365000
3030,471000
1030,223000
2190,503000
1440,230000
2170,550000
2930,1100000
1180,193000
2360,590000
1660,712500
2390,689800
1360,430000
1840,785200
1800,474900
4130,1070000
2220,435000
3490,941500
1830,312000
1550,835000
2050,713250
1230,440000
3150,580135
3800,575000
1350,613000
1530,235000
2290,660000
1480,280000
1970,268000
720,235000
1080,390000
2790,654950
2040,449500
1320,150000
1680,440000
2140,710000
1660,420000
1540,312000
1880,320000
1250,235000
2120,437000
1810,545000
2370,640000
1970,432000
2110,548000
2080,830000
3720,875000
1370,409950
2961,695000
2090,562100
2600,475000
1870,425000
2620,600000
2430,770000
1340,239000
1170,295000
2000,560000
2070,613000
4590,960000
2550,847000
1060,206000
1220,253000
1790,430000
2060,605000
1140,425000
2870,720000
2550,375900
2790,1298000
1110,210000
940,234000
2880,285000
1200,400000
1030,718000
1240,174500
1200,222400
2780,402500
1765,250000
1960,600000
2680,930000
1410,272500
2240,363990
3120,575000
1450,400000
2340,427874
2481,309000
1530,320000
1250,390000
560,299000
2200,375000
1460,240500
1650,320000
3200,1270000
2560,658588
2080,270000
1070,327500
2190,340000
2060,200000
2640,1025000
1720,275000
3880,1126000
960,280000
2340,485000
2660,1901000
2090,865000
1820,532000
2310,364950
920,212500
790,135000
1500,437000
1240,390000
2730,760000
1170,119500
3410,2400000
2700,837500
1650,327500
670,175000
1670,289950
1530,400000
1500,219950
1720,161700
2920,500000
910,465000
1050,540000
1540,525000
1210,324950
2650,565000
1990,760500
2660,1100000
4060,603500
2300,453500
2630,583000
770,275000
3790,875000
2540,335000
2500,646000
2150,392500
1670,785000
1800,470000
2070,560000
830,519000
2370,746000
1010,317000
1420,371000
2120,250000
2020,532000
1520,499950
820,375000
1690,640000
2260,400000
1830,572000
1350,310000
3280,989000
2770,685000
2770,907500
2460,427500
4720,860000
1250,365000
1710,250500
1840,411715
2000,415000
650,129000
1020,489000
1500,170000
2060,418500
1810,261000
3810,2005000
1650,355000
1540,742000
2080,399950
2430,791000
1750,190000
1770,229500
1710,539000
2740,549000
2730,545000
2437,285000
3290,648000
2910,610000
1630,767450
4410,765000
1780,586500
1540,520000
1420,455000
2680,653000
1750,279950
2170,449950
2390,565000
2400,620000
1690,269000
3250,875000
4610,630000
2440,425000
1290,647500
2000,450000
1050,440000
2340,445000
2210,530000
2920,875000
3150,685000
3590,798000
1910,297500
3110,749950
2440,495000
1330,540000
1460,395000
3902,1300000
5180,1075000
1150,214100
1920,210000
2520,499500
970,546000
2490,292000
1680,289000
1150,240000
1980,395000
2070,795000
5660,955000
2420,725000
2610,335000
2810,492000
1510,250000
1910,700000
1700,545000
2020,555000
2340,640000
1463,390000
1430,466500
1180,372500
4400,1800000
1610,255000
1480,466800
2670,749000
1830,610000
920,356000
1150,165000
1190,229000
4160,530000
2370,499950
1660,619000
1480,547000
2390,359800
1690,499000
1010,189000
3500,799000
2330,257000
1890,270000
2000,453500
1130,237000
1670,456000
2600,355500
1560,299950
1170,335000
2100,268500
1710,385000
2420,376000
1370,605004
2660,886000
2260,560000
2070,343000
4670,1415000
1500,270000
2658,411605
2700,550000
1530,465000
1480,584000
1390,275000
1660,324500
2050,700000
1550,385200
1900,270000
2820,735000
1490,389250
1750,315000
2040,545000
1900,550000
1910,415000
1560,387500
1470,432000
2700,402000
3450,1035000
1970,294700
2670,744000
2550,715000
1720,500000
4270,1300000
2170,1150000
2840,650000
3270,435000
1480,510000
2440,525000
2880,920000
1730,200000
1260,435000
2230,809950
2460,1370000
2050,455000
2030,471000
810,253500
1840,185000
1730,535500
2280,835000
2630,589500
2270,680000
1020,360000
1990,595000
2680,300000
1980,660000
2400,570000
780,285000
980,435000
1210,160000
4600,805000
1480,450000
1320,510000
4400,1120000
3010,1280000
2260,539000
1880,407193
1370,320000
2720,739000
1740,452000
2560,600000
2690,279000
3240,895000
2430,585000
1405,405000
3030,837219
4150,969990
1730,490000
3820,611000
3070,462000
1780,540000
1811,260000
2450,510000
2300,567500
1440,445000
2370,684680
4420,2700000
1300,455000
2870,540000
3400,530000
1410,410000
1640,450000
3190,609900
2380,648000
2260,550000
1240,347000
4220,1635000
4250,1339000
1860,288350
2850,1150000
2470,525000
2210,250250
1920,341000
3150,700000
2700,390000
2190,539950
1380,552000
2520,250000
1300,502000
2220,480000
730,378500
3300,1350000
4130,1900000
2670,605000
1980,307550
740,304700
2050,568000
1230,385000
1210,345000
1890,435000
1870,579000
1330,236000
1590,305100
1710,368000
1200,255000
1140,400000
2240,440000
920,417000
800,435000
1980,475000
2800,563500
1680,285000
2330,471000
2240,500000
2140,640000
2170,442500
1150,213400
2030,831000
1350,325000
910,425000
2700,550000
3730,599950
2740,1225000
2050,750000
2390,290000
1990,270000
1300,229950
1330,234999
1000,265000
2190,367300
1380,550000
2610,743700
1060,352750
710,403950
2730,980000
2470,585000
1760,554000
1530,546000
1610,280000
1030,212500
2800,739000
1310,428000
3160,965000
2500,364900
2070,559000
1980,213000
2590,620000
1910,240000
2630,852500
2630,600000
1960,410000
1440,328000
2210,625000
2350,649950
1590,235000
1500,489000
1900,536000
2370,400000
1720,398000
2020,379000
1340,345000
1800,365000
1480,315000
2750,571000
3760,1025000
2540,695000
1760,225000
3000,740000
1930,315000
3040,1230000
860,420000
1420,310000
2080,700000
1560,269000
1960,369990
1620,800000
3670,569000
1930,175000
1290,440000
1970,435000
1540,345000
2180,558000
1490,475000
2220,490000
2430,335000
1392,350000
1120,100000
1390,417500
2040,253000
2830,1240000
3020,490000
2290,470000
1210,483300
2510,659000
2320,480000
970,165000
1820,659500
970,219900
1740,315000
1590,250000
1380,268000
1680,380000
1220,499000
1651,285000
1330,183000
2940,1070000
1410,429000
1100,403000
1530,375500
5270,1795000
2110,516200
1720,385000
1800,515000
2210,375000
2560,650000
1010,306888
3340,870000
1740,310000
1320,251750
1520,366000
2010,429950
2440,710000
2550,895000
1010,149500
1780,310000
2180,555000
2750,750000
3490,745000
2550,695000
1870,433000
1150,307000
2050,655275
1940,392000
3630,1180000
1890,359950
1630,360000
2440,566000
3100,700000
2090,415000
920,199500
1580,749000
1760,680000
2530,400000
2490,608000
3870,589900
2732,480000
3230,1059500
2930,915000
3510,695000
2580,899900
1060,499950
2790,533112
2009,303210
2880,525000
710,399950
2070,850830
1370,371500
1730,522000
1680,588000
1350,276900
1510,248000
1860,280000
3440,495000
4250,665000
860,290300
1640,527000
1295,487028
1790,325000
2210,799000
10040,7062500
940,354000
1160,262500
1990,560200
1050,220000
1030,650000
1420,435000
2690,800000
3760,1010000
700,200000
2100,295000
2240,580379
3470,875000
3370,515000
2790,599000
1870,285000
1520,290000
750,355000
1460,381000
2600,571000
3320,852600
2340,1085000
890,371000
1720,514000
1270,386000
2180,464000
2030,335000
2490,740000
1470,465000
2500,700000
4500,785000
1460,350000
620,148000
1550,530000
1430,349000
1360,240000
2210,330000
2460,735000
2180,545000
1570,214950
4140,657500
1140,476000
8670,2888000
800,110000
2414,292000
1160,317000
3170,455000
4210,1365000
2060,460000
1640,405000
720,333000
1860,427000
2810,742000
2090,465000
3280,809950
2090,619400
2430,762400
2520,535000
2510,881000
3370,813000
1640,234000
2250,308900
2300,450000
1650,547500
710,399950
2550,516000
982,250000
1630,475000
2550,415000
1240,545000
2456,329950
3200,1325000
3950,784000
2180,610750
3140,578000
4030,1485000
1970,501000
1940,465250
4860,2250000
3064,1095000
970,315000
2460,900000
3010,789500
2460,678500
2080,342500
3960,860000
2490,306000
2060,580000
1330,405000
1600,510000
820,173000
1200,210000
1050,445000
1910,585000
1800,381000
2060,890000
1840,235000
1250,480000
1510,575000
2300,350000
1490,259000
2820,599000
1130,210000
3200,1184000
1510,545000
1970,299995
1210,440000
3280,699000
2420,795000
2460,445000
1180,397990
1900,706000
1651,363000
2130,850000
1430,620000
5730,1228000
1910,333000
2110,743000
1630,448000
2470,485000
2640,489950
2990,498500
2120,531000
2050,670000
1880,310000
2790,835000
3000,1688000
2140,495000
1769,495000
1710,440000
420,280000
3270,1070000
2370,1034500
1770,248000
2210,294000
1710,561000
2710,656500
2340,660000
1220,370000
1060,349950
910,223000
1880,560000
1870,594000
1480,600000
1880,315000
1890,430000
1560,440000
1070,312500
4410,1240000
1470,300000
2570,680000
1170,336750
2320,822500
2440,589000
4120,863000
1440,210000
1340,206135
3010,1125000
1840,285000
930,230000
4070,845000
1820,350000
1280,304000
900,370000
1980,810000
2010,440000
2750,1030000
3140,775000
4200,1335000
1900,235000
1830,499950
3320,622500
2700,300000
1290,205000
1500,435000
3650,697000
1270,153000
2630,454000
1800,345000
1870,585000
2540,380000
1930,250600
2770,890000
2220,370000
1650,369500
3670,883000
3770,950000
2350,615000
1210,305000
2010,590000
1580,485000
710,215000
1910,430000
1880,324900
2280,849900
3100,975000
2350,910000
1850,459950
2070,325000
2020,513000
1580,475000
2690,419000
2420,760000
2540,1120000
1150,129000
3210,725000
2040,580000
1920,385000
1900,265000
4310,1735000
1070,330000
2790,665000
2860,799000
2250,589000
3170,1695000
1460,538000
1540,530100
2910,718500
1180,299000
1640,556000
1520,171000
3610,540000
1400,250000
3200,795000
1384,575000
1410,379500
2050,385000
1750,415500
1510,397500
1930,530000
2960,883000
2920,850000
1980,496752
1430,330000
2450,735000
2360,525000
1890,269950
2140,650000
1900,520500
2700,652500
2430,506000
1110,416000
2280,500000
1550,460000
1530,371025
2440,576000
1760,353500
3040,1735000
1070,183000
1990,763101
1090,460000
1890,825000
1000,265000
1770,295000
2360,418000
3380,554000
1700,534500
1600,690000
2050,530000
1210,357186
1940,300000
1810,304000
1690,385000
1800,415000
3280,963000
4290,792500
1150,309212
880,235000
1720,667000
1510,470000
1240,375000
1580,410000
2170,566000
2500,680000
960,332000
3030,902000
1540,500000
1890,445000
2810,825000
3530,1095000
1100,277000
1940,545000
2300,435000
2110,638000
1220,418000
1750,499000
1230,150000
3100,759950
1830,427000
2640,632500
1840,660000
3190,862000
1120,524000
1760,470000
1590,385000
2120,575000
2240,220000
890,460000
2940,1712500
1220,175000
2670,465000
1120,552000
3130,565000
1740,518000
3290,899950
1770,373000
2960,385000
1200,245000
2400,375000
2690,699850
3550,450000
1310,455000
2610,650000
2760,378000
1410,220000
1960,285500
1212,340000
2220,921000
2040,375000
2800,999000
2040,335000
3070,1920000
830,385000
4140,850000
2340,429000
1420,523950
2670,798800
1880,284000
3450,852880
1200,320000
3430,749995
1350,468500
2570,492500
2840,685000
2650,542525
1980,435000
1280,242000
2610,325000
3010,837700
930,210000
1180,187500
1710,560000
1380,272000
1190,235000
1870,259000
3130,866059
900,473000
1880,405000
3010,870000
2280,475000
2970,499500
1620,386000
1550,458000
2240,550000
2830,605500
2890,421000
1990,536000
1370,247200
1088,250000
1740,204950
1730,430000
1800,250000
1440,260000
1720,547000
2800,379900
2300,738500
2030,545000
740,342000
9640,4668000
1920,170000
2490,616000
1380,640000
1530,332000
2420,1010000
2150,380000
1610,415000
2650,1008000
2700,669000
1270,260000
3150,854000
2010,605000
860,320000
1410,229950
1700,255000
2570,1170000
1230,479000
4170,1200000
1180,472000
1430,198000
1450,440000
2180,506000
2210,382500
1480,269500
2340,560000
3860,840000
2300,479500
1450,402000
1380,549000
2470,449950
2030,493000
1440,142500
1160,250000
1580,729000
1430,465000
1494,465000
1930,280000
2740,675000
1880,667500
2590,809000
2140,400000
1870,310000
1230,435000
2340,465950
2880,1538000
880,253000
3040,330000
1120,554000
1380,350000
1660,294999
2500,1185001
2940,752000
1670,451000
2630,725000
2250,345000
1320,206000
4100,2027000
4340,2475000
3700,1728000
2700,580000
980,430000
2650,720000
3670,824000
2960,936000
3070,535000
1413,286800
1260,350000
1680,345000
1230,435000
4360,1555000
4420,1325000
2770,461000
2910,770000
4290,1384000
1600,330000
1820,322500
6050,1600000
1700,475000
790,250275
1720,274500
990,284950
1770,264950
1260,242000
3640,913000
2040,555000
1980,711000
3600,403500
4270,975000
2030,253779
1689,384400
2870,646000
1270,415000
2790,764000
3850,507000
1560,545500
1180,450000
1820,264000
1260,650000
2640,365000
1100,343566
1950,375000
1380,295000
2200,325000
2050,265000
2795,562000
2050,540000
6430,4489000
2150,279950
1970,540000
2660,310000
720,190000
2410,440000
2020,1400000
1080,230000
1180,455000
660,175000
2920,650000
4850,3000000
1080,192500
1670,239950
1370,175000
3450,850000
1970,410000
2290,570000
2240,469000
1240,559000
2420,739888
3260,568450
670,240000
3160,574950
1990,180000
4680,1160000
1700,300000
2807,630000
1770,507000
2570,287500
3450,688000
1670,424000
1050,400000
1910,620000
910,300000
2480,615000
1820,206000
2920,515500
1870,554000
3810,825000
2190,855000
1730,315000
2220,299000
1320,650000
1510,465000
2120,535000
1690,564000
1360,515000
3250,580000
1490,309000
1930,536751
2020,415000
1584,267000
3170,820000
3870,1399950
1430,485000
1380,482000
2610,535000
1540,690000
1940,576000
2160,378750
1530,269900
1440,210000
2640,429900
3620,1525000
2850,360000
1260,405000
1610,450000
1360,703000
2496,661000
2160,580000
1320,464000
2540,945000
2620,659500
1140,200000
1790,280000
2440,1325000
2140,346150
1330,197500
2590,799000
4750,1309500
1620,350000
2440,720000
2020,519000
1470,590300
5990,2200000
2520,410000
1440,437000
1640,221000
2150,380000
1570,506000
1980,395000
1210,285000
1900,311000
1940,520000
1310,435000
990,120000
3870,1440000
1340,186000
2160,756000
2080,248000
1300,287000
2610,510000
1050,249000
2480,340000
1820,399888
1170,440000
2370,899000
3090,540500
2310,385000
2060,558000
2540,600000
2400,450000
1320,232500
790,436000
1790,240000
1820,489950
1670,680000
3990,1068000
1430,352450
2030,335000
1290,549000
3820,1240000
2520,618250
3880,1815000
1590,850000
3530,930000
1610,505000
3280,925000
1860,275000
1840,499000
2120,507000
2270,619850
2840,500000
1220,310000
2310,646000
1840,265000
950,475000
3070,600000
1730,470000
920,319950
3200,712000
3010,775000
1600,390000
2840,585000
2430,1027000
1750,232603
1240,543000
1530,607500
3390,750000
2320,728050
2650,734990
2238,330000
2620,605000
1910,441000
3040,650000
4640,1950000
1500,395000
380,245000
2970,905000
3030,660000
1890,378000
1040,600000
2090,632500
1680,210000
2770,754800
1020,175000
1470,455000
1430,450000
2050,790000
2080,480000
2870,850000
3940,725000
1520,380000
1700,979000
1940,359950
2870,665900
3240,812000
1150,203000
1440,456000
2200,547000
1470,280000
1760,640000
1780,477000
2450,455000
1890,587206
2540,425000
1360,511500
1310,218000
1510,332000
1860,291000
2200,279000
3360,950000
2470,970500
1260,412000
1430,400000
1230,200000
2320,397000
3290,715000
2550,371000
1870,458000
3110,436500
1820,329950
3050,950000
1890,282000
800,250000
6900,1135000
2670,400000
3260,681500
860,200000
3366,1300000
3840,1462497
3850,995000
2040,355000
1790,425000
3740,869000
2660,915000
3230,2110000
3140,925000
5480,2400000
1160,390000
1860,330000
1630,482500
1750,525000
1300,237000
960,205000
1850,623000
3260,565000
2420,400000
1460,405000
2240,337000
1240,355000
2060,885000
2280,420000
2510,448000
3150,800000
2780,830000
2380,725000
2140,780000
840,325000
2170,488800
4410,1320000
2120,489000
6630,1240000
3290,595000
2290,359900
4910,1080000
3730,925000
2440,625000
2570,339990
2970,775950
2630,420000
1530,654000
3690,725000
1230,375000
2200,1100000
2330,639500
2160,849000
1550,418000
1780,442900
2610,750000
3290,930000
1330,565000
3530,874150
2090,545000
2040,500000
2370,687000
2810,810000
2050,439500
2870,802000
2130,732600
2580,374000
2380,330000
1940,365000
1610,290900
2060,577000
1010,280000
2810,675000
2380,800000
1060,299995
1560,440000
1500,249500
970,690000
1170,235000
2280,320000
2800,350000
1150,334000
2180,235000
2520,442000
1760,264000
1180,275000
950,430000
1900,550000
2300,775000
2660,603500
1530,230000
1850,449000
4230,2075000
1200,420000
2270,735000
1090,200000
1100,286000
1640,579000
1950,345100
1660,350000
880,291500
1500,649950
1890,458500
1150,500000
2430,362300
2110,324000
2950,495000
1650,233500
2110,479000
2010,322200
3030,835000
1270,347000
1610,725000
1140,345000
2110,345950
1840,550000
1560,399950
1840,269500
1830,494000
2120,453000
1600,442500
1450,235000
1880,389800
1270,346000
1720,360000
2400,650000
1150,290000
870,234000
2000,260000
2420,349900
1080,275000
3420,725000
1870,375000
2500,806000
2150,470000
1470,490000
2130,615000
1000,249000
2390,396500
860,405000
1960,560000
2000,459950
1620,265000
2890,502000
1300,430000
1080,525000
2170,415000
2260,600000
1580,225000
2620,300000
1540,491234
4570,1580000
3440,905000
1740,199950
2160,450000
1480,899000
2260,649000
3910,780000
1700,400000
4470,831500
1800,471001
1630,385000
1030,326000
720,335000
1890,320000
1840,300000
2540,269950
3520,1220000
3220,590000
1820,750000
1230,239950
1340,215000
1200,165000
1390,261350
1730,569000
1580,425000
3520,800000
2650,715000
1310,337000
2300,560000
1780,449500
1980,660000
1300,685000
3500,905000
1830,403500
1520,405000
2700,385000
2810,1700000
1660,285000
1310,249900
2960,633634
2242,329900
2540,310000
1420,345000
1270,160797
1300,562500
3190,664950
2910,515000
1630,497000
2300,312891
3310,670000
940,362500
1020,402101
1520,438000
2330,687500
1010,160000
1070,415000
3170,405000
3030,880000
2270,585000
2341,640000
2130,819000
2300,520000
1660,367500
2610,762500
2150,300000
2410,625000
1580,530000
1740,379000
1270,615000
2550,660000
1860,380000
2700,314900
1460,324950
1330,225000
2070,535000
1360,348500
2650,725000
3580,925000
2034,549000
1230,400000
2450,620000
2840,665000
3820,1215000
2740,1157400
2090,349950
6390,2466350
2470,339000
1720,615000
3090,751000
2320,941000
1740,600000
2950,455000
4810,1295648
1500,485000
1810,358000
1100,339000
1490,258000
1200,455000
1890,437000
2200,689000
2510,319000
1420,510000
2000,440000
1460,1010000
3220,875000
1310,304000
690,139000
1150,464500
1480,336500
1850,230000
1930,425000
750,300000
1430,457500
1840,366000
1300,502000
1050,194000
2210,305000
3220,1250000
4620,575000
1760,343500
850,325000
4690,600000
3920,850000
2140,420000
1180,257500
2360,317000
3060,970000
1670,252000
1820,683500
1970,289000
930,355000
2300,675000
2590,396500
1450,362500
1540,395000
2730,599000
880,218000
3190,589950
1330,218000
1500,360000
740,350000
2560,350000
2540,845000
3200,839000
3330,850000
900,329950
1600,425000
970,210000
1130,631500
650,295000
2400,575000
2280,415000
3550,859000
2050,639888
830,329445
2440,745641
1600,395000
3190,790000
2550,890000
2180,400000
1410,365500
1410,245000
2340,390000
1320,196500
3990,1200000
1270,276900
4380,995000
4250,2300000
1860,505000
3770,1229000
1530,352000
3570,597326
1740,800000
1670,270000
1570,235000
1590,409900
2980,739900
2690,608000
900,381500
1440,562100
3000,740000
1640,308000
3100,905000
4000,762000
2020,356000
1840,750000
2100,418800
2460,276000
2610,725000
1460,285000
1050,205000
1790,583000
2180,657000
2050,386000
2790,589950
1700,575000
2380,574000
2000,690500
1670,565000
1190,500000
3040,330000
780,286000
2330,450000
2840,870000
2490,725000
770,275000
1850,645000
1090,152000
1780,315000
930,190000
2770,700000
1250,233000
1830,249000
870,310000
1150,265950
4500,860000
1150,200000
2000,402000
1900,305000
1640,505000
2680,1355000
2420,482000
1790,299950
3920,770000
1640,245700
890,283000
1910,650000
2140,530000
2030,440000
4225,1005000
2680,599990
2030,544000
5850,1700000
2060,270000
1060,435000
1010,349000
3310,1140000
2000,320000
3070,804100
1270,594000
3110,531500
2110,1150000
1400,374500
2310,450000
2700,744500
2370,913888
2760,760000
1610,346500
1230,280000
1900,557500
1580,260000
1940,1330000
1620,640000
1940,280000
1230,205000
3160,957000
2700,625000
1880,680000
890,150000
1720,255950
1620,246500
1380,450000
1870,595888
1970,454000
1110,299900
1190,200000
1150,346500
2890,585000
1500,383000
1950,519000
1250,410000
2070,578000
4660,1280000
1350,395000
1800,364000
1481,240000
1730,328423
2720,594000
2320,425000
1860,309620
2025,260000
1400,563500
2620,975000
2450,937000
1590,518500
2085,563500
3450,1050000
1780,350000
3060,826000
1700,225000
1330,235867
3060,399000
1220,177500
1600,224000
1530,302000
1980,760000
1730,460000
1170,415000
1950,669000
1470,254600
1400,357250
4040,910000
3110,725000
1490,670000
1770,440000
3320,1025000
950,320000
2430,310000
2660,772650
2670,669950
2720,690000
3200,385000
2480,663000
1780,300000
1590,225500
1550,320000
2850,775000
2600,805000
1230,252750
2080,254000
3600,620000
2110,435000
2550,460000
1650,268000
1370,446000
1010,285000
2330,530000
620,402000
2450,358000
2530,354950
2220,405000
2110,568000
3690,575000
1940,315000
2070,280927
2160,440000
2600,270000
2880,755000
2260,289659
3640,555000
1530,450000
2490,1145000
1440,495000
3760,1250000
1720,580000
2480,560000
3990,1080000
840,450000
2270,815000
2580,354000
1580,279900
950,339000
3190,1340000
3740,710000
2620,815000
2080,800000
1660,638000
1520,475580
1140,243800
3240,600000
2460,620000
1750,750000
2430,626000
1060,230000
2410,537000
720,210000
1260,200500
1640,253500
1310,150000
2120,440000
3320,667000
1210,660000
2590,695000
2250,440000
4040,1388000
1090,219500
1660,220000
1780,270000
3370,900000
4480,1990000
2990,800000
2280,365000
2480,1387800
2830,451000
920,202000
3250,1410000
1240,471000
3230,827000
2500,235000
1390,216500
1940,359000
1900,252500
2380,370000
1480,663000
3460,971971
1444,420000
1930,330675
1200,240000
1769,334888
2490,414000
3060,782900
3030,525000
2370,429900
1370,390000
1500,224000
1715,257500
1110,665000
2400,327000
1520,425000
3190,687500
2400,672500
1060,140000
1220,215500
2020,464900
2300,417000
2300,453000
1660,700000
3900,1619999
1650,259500
2110,460000
1960,561500
2770,641000
2440,330000
1320,447000
2570,320000
940,212700
700,260000
1400,410000
1890,355000
720,275500
2410,415000
1630,279000
2330,350000
1330,355000
3190,750000
1400,235000
970,209950
1010,230000
3580,725000
1050,430000
2500,661500
2630,738000
6640,1820000
910,221000
2610,665000
1720,255000
3650,1195000
2040,355000
3260,755000
1590,300000
1440,500000
900,191000
3120,315000
1060,415000
3000,394000
2230,490000
1890,523460
4150,550000
1780,342000
2710,560000
4390,1050000
1640,710000
1670,1020000
2570,399950
1500,480000
2710,410000
2860,530000
840,528000
2990,469900
1170,397000
1200,718500
1020,195000
910,285000
700,295000
2420,602000
1950,235000
3060,465000
1390,234000
1200,504200
2440,710000
2310,589500
2600,415000
1490,735000
2432,427000
3610,982000
2530,459000
2790,483453
1670,246950
1170,235000
1350,288790
1110,229800
1100,516500
2820,1600000
1040,234000
1910,230000
1370,300000
1500,470000
1200,339900
1050,650000
2670,585000
2190,699900
3130,598000
1700,475000
1700,314500
1360,397000
1610,345000
2130,325000
1800,265000
2950,402000
2120,835000
3500,780000
1440,250000
2120,1200000
1780,935000
960,300000
1510,419000
1010,410000
3790,1165000
3600,461000
1300,385000
2500,669500
2090,491950
2200,1230000
2070,560000
1320,370000
1360,263400
930,100000
1760,289950
1410,263000
2570,397500
1300,245000
1580,535000
2960,449000
2330,490000
2070,445800
970,345000
2310,327500
2290,436500
1720,550000
1190,441000
870,406500
1068,243000
2140,359500
3300,760000
4830,1925000
2820,408000
2440,480000
1800,875000
1010,308000
3220,880000
5000,1730000
1200,170000
1470,491500
2600,515000
2750,550000
1320,255000
3350,635000
2650,850000
1860,265000
960,349810
2010,972000
900,235000
2340,330000
3720,500000
1890,570000
2680,1309500
1460,544000
3180,439000
1980,530000
1090,427500
2230,337000
3330,1095000
1880,435000
2870,765000
2120,492650
2700,383962
3670,950000
1220,457000
4390,1510000
3560,882566
3530,963000
2280,345000
4350,2065000
3830,800000
2050,314500
3660,530000
3350,650000
1270,349500
3400,1198000
1200,165050
2200,580000
1680,330000
3840,875000
950,500000
2280,445000
1970,274900
1620,219950
2600,691500
1250,459500
2130,955500
2550,328950
1150,307000
1040,382500
3340,1150000
2630,1297000
1640,478000
770,260000
4350,850000
1700,616000
2050,540000
1660,300000
1990,507500
7050,3800000
1770,241000
2440,485000
2620,695000
2440,548000
1080,345000
1090,280000
1400,450000
2010,515000
1640,1014250
3290,739900
2510,600000
860,370000
2840,729032
1750,510000
1300,425000
3890,1080000
1460,337000
1410,563000
3770,1695000
1190,245000
1410,590000
2500,695000
800,402500
2530,435000
2570,660000
2090,300000
2980,600000
1170,205000
2080,357500
3350,1110000
1050,332888
900,174000
1050,515000
3740,392000
1430,485000
1400,217500
1600,502000
2880,820000
3140,1640000
820,102500
5190,925000
2180,540000
910,600000
1580,406000
2130,620000
4570,1060000
1240,401000
1860,725000
370,276000
3130,500000
2530,375000
3970,2300000
1920,260000
2970,1565000
2300,431000
1830,321000
1550,433000
4080,920000
1710,482000
2375,712000
2200,505000
3530,2367000
1110,452000
1630,581000
2550,952500
2500,808000
2890,476000
1420,535000
4270,1356925
2390,629800
2530,417838
2701,399895
3990,825000
2303,300000
1540,640000
1450,460000
1160,525000
2910,499990
3770,1020000
2900,675000
1540,512031
700,310000
3280,1075000
2430,255000
1900,435000
1660,453000
1620,260000
2090,659000
1110,223000
3760,851000
2080,605000
1950,895000
2570,519000
2330,535000
3700,489000
1920,250000
1900,580000
1440,1038000
2940,605000
2500,599950
2490,700000
1470,480000
2120,329950
1200,250000
2450,345000
1780,175000
1590,185000
2370,411000
1760,690000
1940,265000
3550,720000
2050,256000
1680,255000
1320,540000
1550,481015
2680,575000
2390,339950
2040,475000
2670,732000
1880,860000
2400,389000
2270,645000
1850,475000
2160,550000
2160,305000
1570,782000
1340,545000
3002,394500
2190,600000
2610,1300000
1010,300000
2105,330000
2430,723000
4040,2271150
2160,480000
900,496000
1820,625000
2100,475000
1520,275250
1310,253000
2190,630000
2950,660500
1870,262000
4660,2147500
1840,552000
3180,1411600
1500,736000
1730,355000
1580,305000
1540,484998
3390,1054690
830,334500
2620,475000
2242,309780
2890,795000
1450,274500
800,265050
2280,567500
3850,915000
2270,285000
2250,445838
2600,304900
2490,940000
3160,1127000
4930,835000
1440,290000
1770,250000
2300,342000
2980,1012000
2230,400000
1830,312500
1740,267000
1530,575000
1520,810000
3230,850000
3620,1015000
5070,1100000
1570,240000
2080,198000
2230,565000
3420,1195000
2790,340000
3150,815000
3930,1875000
2190,588000
1890,280500
1900,390000
1930,509000
3316,490600
1380,650000
2080,715000
1240,529950
1020,265000
2360,1755000
2780,1140000
2300,610000
2020,554729
1840,395000
1390,341000
2060,264500
2640,395000
1980,640000
1810,430000
1700,410000
1200,220000
2980,1625000
1350,405500
2360,633000
1190,295950
4110,1042031
2800,605000
920,255000
1530,474000
860,370000
1520,288000
660,100000
3580,1150000
3000,600000
2740,515000
2040,345000
2520,975000
2470,850000
1930,439990
2950,554950
2610,605000
1630,609000
1400,425000
1410,399900
4370,1025000
5010,2351956
2590,519995
1300,625000
2320,600000
2700,1200000
2920,1738000
3130,671000
1470,459500
1540,499000
3160,1280000
1480,395000
3595,861990
1190,382500
2340,404950
1320,530000
1190,195000
2350,747500
1100,199990
1660,548800
3040,870000
1860,588000
4100,775000
4050,670000
1240,445000
2200,300000
1680,480000
930,300000
1800,360000
3000,527000
1820,875000
1995,266000
3990,866000
800,335950
960,215000
2286,481000
2220,320000
1940,295000
1640,295000
1120,320000
2600,780000
1490,437500
1650,443000
2400,575000
1500,245000
1990,450000
1130,536000
2030,685000
1590,373000
1480,450000
2690,645000
3870,1275000
1390,230000
1830,593000
1580,558000
2590,538250
2510,475000
1180,209950
1450,410000
3110,1636000
2860,670000
2760,821000
2800,665000
1450,339000
2530,631500
1640,570000
2220,437000
2040,542500
1230,229500
1060,170500
1920,391500
1520,296475
3770,1450000
3540,888550
5430,1360000
2250,328000
2090,300000
1720,500000
1910,494815
1601,378000
1060,505000
2330,680000
2370,351999
1420,510000
2360,1300000
1260,374000
3030,509900
1140,230000
2820,527700
1270,438000
3180,900000
2790,1131000
2570,439000
1080,315000
3010,765000
2120,332000
1900,600000
2860,378500
910,190000
2850,645000
2560,780000
1570,370000
3110,875000
4740,1049000
1340,479000
2600,245000
1070,542000
1820,557500
1060,480000
2220,330000
1350,160000
2510,695500
2340,235500
1060,326500
2200,300000
1400,267000
1520,292600
1810,362000
2360,1087500
1210,357562
3420,789900
1810,513000
2760,336000
1950,560000
3830,1150000
2060,410000
1650,371500
2100,368000
3720,650000
1920,308950
1860,440000
2290,630000
1200,228950
5270,782000
1600,245000
2560,410000
880,427550
1020,235000
960,210000
1900,485000
1320,410000
2230,435000
1150,300000
3440,455000
1070,210000
2250,1050000
1910,458400
1180,390000
1400,148226
3580,711600
3176,819000
1170,613000
1570,592350
1460,232000
1140,250000
1150,115000
3180,1115000
2630,585000
1940,580000
850,165000
1550,430000
2090,383000
3960,1195000
1320,201500
3220,690000
800,325000
1660,375000
2250,600000
2120,340000
2310,890000
1920,415000
1550,255000
1785,530000
1830,468000
3500,970000
2560,599000
1360,399500
6500,2458000
3150,1205000
810,325000
7320,1135250
2790,568000
1920,517000
2530,469950
3490,1675000
4710,2180000
2050,623000
2410,720000
1180,205000
630,148000
3480,950000
1010,405000
1910,293000
2490,550000
2150,435000
3000,355000
2830,673000
2680,449990
1090,249000
1984,380000
3090,760005
2610,674600
3370,812000
2250,333490
1450,320000
3130,999000
2700,810000
1970,399950
1970,550000
1950,290000
1940,232500
3550,1355000
2500,565000
2910,749950
3350,720500
2140,507000
4030,989000
1980,463000
1460,310000
1880,284000
2320,737500
2220,569000
1410,700000
1240,660000
2030,275000
4000,570000
490,150000
1590,356000
2630,610000
1350,498800
990,226550
3710,692500
990,250000
2510,660000
800,295000
1600,154950
3320,409124
1730,287000
2000,810000
2910,525000
1710,525000
1200,275000
2600,583000
1460,237950
4260,1065000
2100,679000
4230,1465000
1660,410000
1450,306000
1860,215000
2720,594950
2920,1250000
1800,305000
1320,425000
1770,215000
2550,480000
2150,550000
3020,750000
960,137124
2783,840000
2250,624800
1710,630000
2650,590000
1830,599950
1460,299880
1760,400000
1960,560000
2010,229000
3670,525000
2290,737000
1780,680000
3080,635000
3360,740000
1370,335500
1660,270000
4440,1037000
2850,450000
1530,379000
2100,468000
730,321500
1920,443000
1600,340000
2380,470000
2760,545000
1840,415000
2580,599000
2100,759000
1820,300000
4830,1681000
1550,359000
1440,550000
930,395000
3560,486000
840,187000
4280,734950
1500,284000
3650,696000
780,380000
1600,625000
1120,252000
1010,560000
1970,395000
2230,900000
4290,2680000
3160,625000
1850,580000
1980,309000
3360,412000
2660,495000
1200,215000
2150,741500
2820,749000
3510,659950
1790,530000
2700,749000
5780,2321000
3730,595000
2540,487000
3300,760000
5430,1240000
2550,435000
1390,374950
1270,440000
2380,360000
3360,879000
6070,1550000
1240,505000
2930,545000
2410,600000
2980,775000
1950,725000
2600,610000
1170,350000
1470,410000
1840,639000
1560,439000
1520,499950
2220,800000
2800,350000
670,279000
1720,290256
2110,355000
1580,263000
2640,880000
2700,426500
2820,735000
3340,720000
1530,265000
3840,840000
2320,657500
2310,850000
1770,436110
3160,589900
1620,620000
1510,254000
960,375000
1740,455000
1470,445000
2460,568500
1170,352500
1210,342500
1870,299950
1950,425000
2570,561000
1460,455500
2970,400000
2040,443500
3240,1234582
3150,370000
1820,475000
2130,580000
1430,518000
2030,525000
2000,236000
1940,278500
880,205425
950,248000
1670,505000
2670,657500
2700,670000
590,202000
2160,440000
2700,690000
3206,375000
1560,291000
1400,230000
3090,850000
2630,84350
2190,12899000
2100,2110000
1120,2199900
3260,188000
1180,26590000
780,7800
2200,237227.8571
1340,117833.3333
1490,0
2800,744312.5
2600,0
3200,0
3480,0
3020,439333.3333
1970,280000
1500,0
3680,0
1570,176225
2280,500324
1600,444845
1680,330000
1890,292285.7143
520,160000
1780,274333.3333
2920,537500
2430,232333.3333
3010,237333.3333
1620,346750
2200,0
2950,1020000
2170,0
1770,254000
1830,238750
2380,268971.875
2550,642000
3720,571986.1111
4630,0
4430,0
1490,554250
5030,0
2180,0
1590,107500
1510,300000
4210,0
1640,540833.3333
1840,274750
1040,148612.5
1250,326428.5714
3690,0
1530,135333.3333
2110,577437.5
2150,440825
5340,195000
2420,257500
5010,692000
910,176400
2200,193000
3430,646212.5
1860,268971.875
3300,0
1280,317061.875
1490,83300
2880,0
1310,266066.6667
1980,342246.4286
2000,0
1860,0
1990,0
1720,240015.3333
1370,83300
4060,316850
1960,259585.5714
1720,328211.9048
2740,673476.8182
1360,0
1870,425000
720,127160
2180,341750
1430,178650
780,87500
1180,282508.8889
1300,450385.7143
4260,435000
2050,532500
2930,408900
1500,156766.6667
5960,452500
810,308830.7692
2320,484991.6667
1090,287919.7826
1000,247875
2260,309487.5
1290,173666.6667
2120,237481.25
1490,326983.3333
2310,790000
720,0
1840,678333.3333
2910,542804.75
3270,723243.75
3040,667781.25
1200,108333.3333
2740,0
2290,535000
2580,596165.4286
1590,269187.5
1040,148612.5
1300,0
2090,0
2670,341166.6667
1540,132500
3370,557125
1730,228944.4444
1640,592105.7143
2980,535000
1330,420642.8571
2192,132250
2068,237227.8571
1980,440825
1710,2560498.333
890,423050.9259
4280,1337044.2
3080,315368.7
2070,417985.7143
3010,723243.75
2030,259950
4060,0
2340,237333.3333
2340,426090
1470,458663.8889
3700,812650
1200,135333.3333
2910,0
1910,0
2880,0
3240,0
1590,387884.6154
3690,437500
2480,641633.3333
2683,681965.7813
1100,229629.5
2080,0
2210,210614.2857
2420,790000
1240,435500
2300,738190.8571
1760,497333.3333
2020,300000
2500,1036200
760,163785.7143
1580,351250
2670,645325
1140,171224.8
3870,0
2750,540000
1570,233166.6667
1160,329333.3333
2110,225279.4286
1270,331366.6667
3250,460886.9231
940,337945.75
2310,0
1130,243069.2308
3020,0
3210,690408.6207
2650,592105.7143
1150,220083.3333
3910,280000
3490,297857.1429
3330,950833.3333
1940,323833.3333
1800,309000
1880,248400
2870,994500
1960,0
1810,0
1490,0
5230,0
3390,288500
880,379509.1667
2550,180785.7143
3160,950100
4550,0
3831,542500
1240,362750
2520,234975
2420,672500
1250,391400
1310,0
1410,198995
990,278900
1000,171758.3333
2000,325187.5
1120,190368.75
3370,375000
2210,216000
2640,0
1150,360500
2150,677099.5652
4230,405125
1570,289987.5
1630,264270
2770,602761
1750,251555.5556
1090,214750
930,258125
2100,0
2540,677099.5652
810,0
1520,0
690,167500
2370,471500
3500,0
840,464600
1830,132250
1370,433111.1111
2520,542500
2130,0
2590,368112.5
1820,673476.8182
1530,558653.8462
4080,0
1050,168333.3333
1954,268971.875
1530,318000
1660,550607.1429
3830,1288333.333
1490,584000
1520,0
8020,0
2470,245000
870,287919.7826
2110,672500
1990,454790
1560,282508.8889
1740,473200
1290,406062.5
1700,282766.6667
1880,486445.8333
1890,486895
1620,430277.7778
770,229629.5
2890,0
1040,182805
2620,380680.5556
1880,396166.6667
2530,252980
2538,289373.3077
1610,210614.2857
1510,308166.6667
1460,534333.3333
3010,416904.1667
2090,203400
1490,220600
